1110
1111
1112
1113
1114
1211
1222
1223
2111
2112
2122
2123
2133
2221
2231
2321
2331
2421
2431
2451
2501
3231
3232
3241
3244
3321
3341
3421
3430
3461
3521
3541
3901
3902
3903
4191
4193
4194
4251
4252
4253
4471
4998
4999
5022
5023
5032
5042
5043
5052
5231
5232
5234
5235
5236
5241
5242
5243
5245
5249
5321
5331
5339
5341
5343
5349
5351
5421
5429
5431
5432
5433
5441
5449
5461
5462
5469
5472
5473
5479
5501
5521
5522
5523
5524
5525
5526
5539
5541
5542
5543
5544
5559
5911
5912
5913
5914
5915
6193
6239
6249
6321
6331
6341
6349
6421
6429
6431
6441
6449
6461
6469
6539
6559
6998
6999
8998
8999
